Experiment ID                :  ipd
Problem Type                 :  IPD
Data Input File Name         :  NA
Number of Runs               :  20
Generations per Run          :  50
Population Size              :  50
Selection Method             :  2
Fitness Scaling Type         :  0
Min or Max Fitness           :  max
Crossover Type               :  3
Crossover Rate               :  0.9
Mutation Type                :  1
Mutation Rate                :  5.0E-4
Random Number Seed           :  75982
Number of Genes/Points       :  32
Size of Genes                :  1


 R   1 G   0  22064   19648.84   1659.277
 R   1 G   1  22894   19251.16   1595.622
 R   1 G   2  22772   19171.32   1593.215
 R   1 G   3  22922   19036.24   1730.689
 R   1 G   4  23222   18926.12   1466.661
 R   1 G   5  22582   19025.68   1328.767
 R   1 G   6  21328    19143.6    1105.78
 R   1 G   7  21430    19360.8    979.708
 R   1 G   8  23294   21107.88    1365.05
 R   1 G   9  24280    22195.0   1574.179
 R   1 G  10  24488   22380.28   1586.054
 R   1 G  11  24550    23631.8    968.223
 R   1 G  12  24918    24556.8    598.328
 R   1 G  13  25000    25000.0        0.0
 R   1 G  14  25000    25000.0        0.0
 R   1 G  15  25000    25000.0        0.0
 R   1 G  16  25000    25000.0        0.0
 R   1 G  17  25000    25000.0        0.0
 R   1 G  18  25000    25000.0        0.0
 R   1 G  19  25000    25000.0        0.0
 R   1 G  20  25000    25000.0        0.0
 R   1 G  21  25000    25000.0        0.0
 R   1 G  22  25000    25000.0        0.0
 R   1 G  23  25000    25000.0        0.0
 R   1 G  24  25000    25000.0        0.0
 R   1 G  25  25000    25000.0        0.0
 R   1 G  26  25000    25000.0        0.0
 R   1 G  27  25000    25000.0        0.0
 R   1 G  28  24832   24166.52   1081.173
 R   1 G  29  25000    25000.0        0.0
 R   1 G  30  25000    25000.0        0.0
 R   1 G  31  25000    25000.0        0.0
 R   1 G  32  25000    25000.0        0.0
 R   1 G  33  25000    25000.0        0.0
 R   1 G  34  24876   24190.64   1346.243
 R   1 G  35  24608   23879.24   1310.745
 R   1 G  36  25000    25000.0        0.0
 R   1 G  37  25000    25000.0        0.0
 R   1 G  38  25000    25000.0        0.0
 R   1 G  39  25000    25000.0        0.0
 R   1 G  40  25000    25000.0        0.0
 R   1 G  41  25000    25000.0        0.0
 R   1 G  42  25000    25000.0        0.0
 R   1 G  43  25000    25000.0        0.0
 R   1 G  44  24866   23698.16   1369.963
 R   1 G  45  24866   23746.24   1377.582
 R   1 G  46  25000    25000.0        0.0
 R   1 G  47  25000    25000.0        0.0
 R   1 G  48  25000    25000.0        0.0
 R   1 G  49  25000    25000.0        0.0
1     13          0          1          1          1          1          1          1          0          0          0          1          1          0          1          1          1          0          0          0          1          0          0          0          0          0          1          1          0          0          1          1          1   RawFitness
                  0          1          1          1          1          1          1          0          0          0          1          1          0          1          1          1          0          0          0          1          0          0          0          0          0          1          1          0          0          1          1          1        25000

 R   2 G   0  23796   18855.52   2431.149
 R   2 G   1  23294    19645.4   2173.805
 R   2 G   2  21872    19462.6   1344.014
 R   2 G   3  21968   18980.52   2110.622
 R   2 G   4  21068   18992.72   1511.872
 R   2 G   5  21020   19491.28   1489.477
 R   2 G   6  21268   19835.16     858.16
 R   2 G   7  21848   20347.64    803.248
 R   2 G   8  21736   20333.44    751.668
 R   2 G   9  22088    20326.8    714.622
 R   2 G  10  22662   21279.96   1005.336
 R   2 G  11  22440    20954.0    854.381
 R   2 G  12  22796    21312.0    799.155
 R   2 G  13  22538    20962.4    808.016
 R   2 G  14  23516   22042.52   1126.462
 R   2 G  15  23758   22390.04   1108.258
 R   2 G  16  24522   23936.96   1028.904
 R   2 G  17  24654   24076.48   1016.186
 R   2 G  18  24830   24228.12   1012.886
 R   2 G  19  24758   24266.16    858.353
 R   2 G  20  24904   24190.96   1077.856
 R   2 G  21  24700   24158.72   1021.411
 R   2 G  22  25000    25000.0        0.0
 R   2 G  23  25000    25000.0        0.0
 R   2 G  24  25000    25000.0        0.0
 R   2 G  25  25000    25000.0        0.0
 R   2 G  26  25000    25000.0        0.0
 R   2 G  27  25000    25000.0        0.0
 R   2 G  28  25000    25000.0        0.0
 R   2 G  29  25000    25000.0        0.0
 R   2 G  30  25000    25000.0        0.0
 R   2 G  31  25000    25000.0        0.0
 R   2 G  32  25000    25000.0        0.0
 R   2 G  33  25000    25000.0        0.0
 R   2 G  34  25000    25000.0        0.0
 R   2 G  35  25000    25000.0        0.0
 R   2 G  36  25000    25000.0        0.0
 R   2 G  37  25000    25000.0        0.0
 R   2 G  38  25000    25000.0        0.0
 R   2 G  39  25000    25000.0        0.0
 R   2 G  40  25000    25000.0        0.0
 R   2 G  41  25000    25000.0        0.0
 R   2 G  42  25000    25000.0        0.0
 R   2 G  43  25000    25000.0        0.0
 R   2 G  44  25000    25000.0        0.0
 R   2 G  45  25000    25000.0        0.0
 R   2 G  46  25000    25000.0        0.0
 R   2 G  47  25000    25000.0        0.0
 R   2 G  48  25000    25000.0        0.0
 R   2 G  49  25000    25000.0        0.0
2     22          0          1          0          0          0          1          1          0          0          0          0          1          1          1          0          1          1          1          0          1          1          0          1          1          1          0          0          0          0          0          1          1   RawFitness
                  0          1          0          0          0          1          1          0          0          0          0          1          1          1          0          1          1          1          0          1          1          0          1          1          1          0          0          0          0          0          1          1        25000

 R   3 G   0  24314    19835.8   1758.843
 R   3 G   1  23322   19970.52   1181.816
 R   3 G   2  22168   19761.52   1218.491
 R   3 G   3  22384    19724.6    1057.56
 R   3 G   4  21388    19434.4   1500.136
 R   3 G   5  21308   18972.12   1845.333
 R   3 G   6  21376   19206.16   1324.718
 R   3 G   7  20630   19521.52    879.586
 R   3 G   8  20558   19182.64    723.484
 R   3 G   9  20490   18990.76    737.976
 R   3 G  10  20174    19190.0    621.381
 R   3 G  11  20604   19273.08     795.76
 R   3 G  12  20576   19001.96    812.564
 R   3 G  13  21606   19240.32    880.698
 R   3 G  14  21410   19265.64    874.509
 R   3 G  15  22034   19443.96   1010.938
 R   3 G  16  23036   21060.36   1280.966
 R   3 G  17  24182   22450.08   1323.914
 R   3 G  18  24942   24387.04     945.57
 R   3 G  19  25000    25000.0        0.0
 R   3 G  20  25000    25000.0        0.0
 R   3 G  21  25000    25000.0        0.0
 R   3 G  22  25000    25000.0        0.0
 R   3 G  23  25000    25000.0        0.0
 R   3 G  24  25000    25000.0        0.0
 R   3 G  25  25000    25000.0        0.0
 R   3 G  26  25000    25000.0        0.0
 R   3 G  27  25000    25000.0        0.0
 R   3 G  28  25000    25000.0        0.0
 R   3 G  29  25000    25000.0        0.0
 R   3 G  30  25000    25000.0        0.0
 R   3 G  31  25000    25000.0        0.0
 R   3 G  32  25000    25000.0        0.0
 R   3 G  33  25000    25000.0        0.0
 R   3 G  34  25000    25000.0        0.0
 R   3 G  35  25000    25000.0        0.0
 R   3 G  36  25000    25000.0        0.0
 R   3 G  37  25000    25000.0        0.0
 R   3 G  38  25000    25000.0        0.0
 R   3 G  39  25000    25000.0        0.0
 R   3 G  40  25000    25000.0        0.0
 R   3 G  41  25000    25000.0        0.0
 R   3 G  42  25000    25000.0        0.0
 R   3 G  43  25000    25000.0        0.0
 R   3 G  44  25000    25000.0        0.0
 R   3 G  45  24920   23489.92   1712.199
 R   3 G  46  24920   22735.84   1475.649
 R   3 G  47  24918   23597.48    987.977
 R   3 G  48  25000    25000.0        0.0
 R   3 G  49  25000    25000.0        0.0
3     19          0          0          0          0          0          1          0          1          1          0          0          1          1          0          0          1          0          1          1          1          0          1          0          0          0          0          1          1          1          1          1          1   RawFitness
                  0          0          0          0          0          1          0          1          1          0          0          1          1          0          0          1          0          1          1          1          0          1          0          0          0          0          1          1          1          1          1          1        25000

 R   4 G   0  22246   19571.44    2204.15
 R   4 G   1  21632   19415.48   1700.839
 R   4 G   2  21268   18738.64   1872.647
 R   4 G   3  21618   19206.68   1411.581
 R   4 G   4  20970   19141.76   1115.413
 R   4 G   5  21554    19615.8   1107.512
 R   4 G   6  20890   19213.84    901.879
 R   4 G   7  21538    19501.0    946.091
 R   4 G   8  22590   19635.96   1218.151
 R   4 G   9  22806    19957.6   1363.067
 R   4 G  10  21860    19754.4   1145.714
 R   4 G  11  23190   20457.44   1264.175
 R   4 G  12  23636   20546.28   1688.676
 R   4 G  13  23840   20946.96   1512.138
 R   4 G  14  24540    21566.0   1773.241
 R   4 G  15  24412    21315.6   1722.044
 R   4 G  16  24572    22398.8   1418.274
 R   4 G  17  24742   22571.08   1949.647
 R   4 G  18  24920   24729.16    795.617
 R   4 G  19  25000    25000.0        0.0
 R   4 G  20  25000    25000.0        0.0
 R   4 G  21  25000    25000.0        0.0
 R   4 G  22  25000    25000.0        0.0
 R   4 G  23  25000    25000.0        0.0
 R   4 G  24  25000    25000.0        0.0
 R   4 G  25  25000    25000.0        0.0
 R   4 G  26  25000    25000.0        0.0
 R   4 G  27  25000    25000.0        0.0
 R   4 G  28  25000    25000.0        0.0
 R   4 G  29  25000    25000.0        0.0
 R   4 G  30  25000    25000.0        0.0
 R   4 G  31  25000    25000.0        0.0
 R   4 G  32  25000    25000.0        0.0
 R   4 G  33  25000    25000.0        0.0
 R   4 G  34  25000    25000.0        0.0
 R   4 G  35  25000    25000.0        0.0
 R   4 G  36  25000    25000.0        0.0
 R   4 G  37  25000    25000.0        0.0
 R   4 G  38  25000    25000.0        0.0
 R   4 G  39  25000    25000.0        0.0
 R   4 G  40  25000    25000.0        0.0
 R   4 G  41  25000    25000.0        0.0
 R   4 G  42  25000    25000.0        0.0
 R   4 G  43  25000    25000.0        0.0
 R   4 G  44  25000    25000.0        0.0
 R   4 G  45  25000    25000.0        0.0
 R   4 G  46  25000    25000.0        0.0
 R   4 G  47  25000    25000.0        0.0
 R   4 G  48  25000    25000.0        0.0
 R   4 G  49  25000    25000.0        0.0
4     19          0          0          1          1          1          0          1          1          0          1          0          0          1          0          1          1          0          0          1          1          0          1          0          0          0          1          0          0          0          0          0          1   RawFitness
                  0          0          1          1          1          0          1          1          0          1          0          0          1          0          1          1          0          0          1          1          0          1          0          0          0          1          0          0          0          0          0          1        25000

 R   5 G   0  24730   19449.48   2253.782
 R   5 G   1  23836   19187.92   1831.822
 R   5 G   2  21436    19505.4   1492.888
 R   5 G   3  20736    19212.4    986.908
 R   5 G   4  21196   19550.76    985.119
 R   5 G   5  22304    19853.6   1018.456
 R   5 G   6  22310   20062.24    1155.43
 R   5 G   7  22484   20511.32   1244.718
 R   5 G   8  24426    22071.4   1566.827
 R   5 G   9  24194   22447.52    1566.01
 R   5 G  10  24532   23031.96     1293.6
 R   5 G  11  24968   24691.76    679.401
 R   5 G  12  25000    25000.0        0.0
 R   5 G  13  25000    25000.0        0.0
 R   5 G  14  25000    25000.0        0.0
 R   5 G  15  25000    25000.0        0.0
 R   5 G  16  25000    25000.0        0.0
 R   5 G  17  25000    25000.0        0.0
 R   5 G  18  25000    25000.0        0.0
 R   5 G  19  25000    25000.0        0.0
 R   5 G  20  25000    25000.0        0.0
 R   5 G  21  25000    25000.0        0.0
 R   5 G  22  25000    25000.0        0.0
 R   5 G  23  25000    25000.0        0.0
 R   5 G  24  25000    25000.0        0.0
 R   5 G  25  25000    25000.0        0.0
 R   5 G  26  25000    25000.0        0.0
 R   5 G  27  25000    25000.0        0.0
 R   5 G  28  25000    25000.0        0.0
 R   5 G  29  25000    25000.0        0.0
 R   5 G  30  25000    25000.0        0.0
 R   5 G  31  25000    25000.0        0.0
 R   5 G  32  25000    25000.0        0.0
 R   5 G  33  25000    25000.0        0.0
 R   5 G  34  25000    25000.0        0.0
 R   5 G  35  25000    25000.0        0.0
 R   5 G  36  25000    25000.0        0.0
 R   5 G  37  25000    25000.0        0.0
 R   5 G  38  25000    25000.0        0.0
 R   5 G  39  25000    25000.0        0.0
 R   5 G  40  25000    25000.0        0.0
 R   5 G  41  25000    25000.0        0.0
 R   5 G  42  25000    25000.0        0.0
 R   5 G  43  25000    25000.0        0.0
 R   5 G  44  25000    25000.0        0.0
 R   5 G  45  25000    25000.0        0.0
 R   5 G  46  25000    25000.0        0.0
 R   5 G  47  25000    25000.0        0.0
 R   5 G  48  25000    25000.0        0.0
 R   5 G  49  25000    25000.0        0.0
5     12          0          1          1          1          0          1          0          1          0          0          0          0          0          1          0          1          1          1          0          1          1          1          1          1          0          1          0          0          0          1          0          1   RawFitness
                  0          1          1          1          0          1          0          1          0          0          0          0          0          1          0          1          1          1          0          1          1          1          1          1          0          1          0          0          0          1          0          1        25000

 R   6 G   0  23348   20085.56   1582.784
 R   6 G   1  21928   18371.52    2470.22
 R   6 G   2  22806   18262.44   2511.783
 R   6 G   3  21676   18561.76   2190.929
 R   6 G   4  25338   16350.68   3764.307
 R   6 G   5  23580   17235.92   3721.519
 R   6 G   6  22134   17932.88   2568.365
 R   6 G   7  19714   17304.96   2039.876
 R   6 G   8  19966    17776.6   1748.088
 R   6 G   9  20332   18238.36   1280.892
 R   6 G  10  21014   18188.88   1662.306
 R   6 G  11  20892    17942.6    2122.35
 R   6 G  12  20210   18213.28   1647.024
 R   6 G  13  20490   18078.36   1239.811
 R   6 G  14  21532    18043.4   1836.957
 R   6 G  15  20806   18217.76   1025.518
 R   6 G  16  21090   18664.92    853.945
 R   6 G  17  20196   18425.04    809.652
 R   6 G  18  19686   18307.72    866.849
 R   6 G  19  19398   18141.08    689.793
 R   6 G  20  19940    18090.2    781.856
 R   6 G  21  19204    18089.4    684.255
 R   6 G  22  19426    17927.0    894.173
 R   6 G  23  20576   18027.12   1021.707
 R   6 G  24  20264   17752.76   1093.323
 R   6 G  25  20196   17715.08   1214.602
 R   6 G  26  19706   17771.48   1062.035
 R   6 G  27  19984   18094.04    765.291
 R   6 G  28  19180   17343.92    805.706
 R   6 G  29  18794   17105.16    818.375
 R   6 G  30  18560   16912.56    732.419
 R   6 G  31  18194   16972.76     687.82
 R   6 G  32  18362   17269.56    625.851
 R   6 G  33  17906    17158.2    539.065
 R   6 G  34  17664   17206.68    427.438
 R   6 G  35  17808   17181.28    566.421
 R   6 G  36  17718   17297.24    372.183
 R   6 G  37  17666   17317.28    421.805
 R   6 G  38  17642   17449.64    326.905
 R   6 G  39  17664   17403.28    374.631
 R   6 G  40  17612   17338.08    406.356
 R   6 G  41  17942    17304.8    366.326
 R   6 G  42  17718   17286.56    326.157
 R   6 G  43  17856   17279.12    308.456
 R   6 G  44  17572   17238.16    268.503
 R   6 G  45  17642   17210.48    341.953
 R   6 G  46  17646   17251.28    267.749
 R   6 G  47  17434   17117.88    284.832
 R   6 G  48  17318   16935.28    376.513
 R   6 G  49  17194   16768.72    404.666
6      4          0          0          0          1          1          0          0          0          0          0          0          1          0          0          0          0          0          0          1          1          0          0          0          0          0          0          1          0          0          0          0          0   RawFitness
                  0          0          0          1          1          0          0          0          0          0          0          1          0          0          0          0          0          0          1          1          0          0          0          0          0          0          1          0          0          0          0          0        25338

 R   7 G   0  22670   19836.32    1604.94
 R   7 G   1  24454   20058.32   1742.226
 R   7 G   2  24206   19379.88   2234.611
 R   7 G   3  23840   18959.32   2159.644
 R   7 G   4  22852   18843.36   1833.418
 R   7 G   5  21834    18565.6   1714.293
 R   7 G   6  20900   18813.12    1366.72
 R   7 G   7  20836    19189.4    802.338
 R   7 G   8  22282   19915.96   1175.476
 R   7 G   9  23076   19199.64   1492.056
 R   7 G  10  21784   18661.72   1664.587
 R   7 G  11  21770   18740.64    1922.93
 R   7 G  12  21344    18731.2   1694.749
 R   7 G  13  20274   18603.32   1196.542
 R   7 G  14  20020   18748.76    929.374
 R   7 G  15  19636   18537.48     911.08
 R   7 G  16  19160    18408.0    604.131
 R   7 G  17  19260   18320.12    629.854
 R   7 G  18  18728   18090.08     491.58
 R   7 G  19  18948    17955.8   1622.889
 R   7 G  20  18838   17773.88   1437.388
 R   7 G  21  18738   17635.24   1536.677
 R   7 G  22  18504   17716.28    423.012
 R   7 G  23  18686   17841.08    464.137
 R   7 G  24  18384   17771.96    424.857
 R   7 G  25  18408   17694.76    455.052
 R   7 G  26  18378   17606.24    373.017
 R   7 G  27  18202   17488.32    352.772
 R   7 G  28  18172   17436.08     373.31
 R   7 G  29  18334   17556.56    371.575
 R   7 G  30  18090   17394.72    397.204
 R   7 G  31  18186   17572.92    241.366
 R   7 G  32  18414   17623.64    338.377
 R   7 G  33  18626   17809.96    387.635
 R   7 G  34  18672    17797.8    362.215
 R   7 G  35  18842   17709.92    574.349
 R   7 G  36  18740   17628.96     503.55
 R   7 G  37  19314   18230.84    728.555
 R   7 G  38  18232   17493.72    500.292
 R   7 G  39  18356   17543.52    581.553
 R   7 G  40  18004   17249.32     570.49
 R   7 G  41  19308   18559.84    786.014
 R   7 G  42  20222   19489.96    873.419
 R   7 G  43  19010   18285.48    700.208
 R   7 G  44  21914   21353.64    927.898
 R   7 G  45  19328    18515.2    614.448
 R   7 G  46  22102   21703.04    691.744
 R   7 G  47  24666   24457.04    973.607
 R   7 G  48  24786   24578.36   1039.802
 R   7 G  49  25000    25000.0        0.0
7     49          0          0          0          0          0          1          0          0          0          0          0          0          0          0          0          0          1          1          1          1          0          0          0          0          0          0          0          0          0          1          1          1   RawFitness
                  0          0          0          0          0          1          0          0          0          0          0          0          0          0          0          0          1          1          1          1          0          0          0          0          0          0          0          0          0          1          1          1        25000

 R   8 G   0  22880   19671.36   2013.305
 R   8 G   1  22662    19149.2   1890.849
 R   8 G   2  21706   19005.16   1709.063
 R   8 G   3  20474   18905.28   1137.374
 R   8 G   4  20512   18603.28   1068.757
 R   8 G   5  20962   18564.88   1291.739
 R   8 G   6  21674    19181.8   1214.907
 R   8 G   7  22172   19637.08   1499.334
 R   8 G   8  22834   20969.04   1627.391
 R   8 G   9  23008   21105.36   1632.255
 R   8 G  10  23780   22103.88   1628.231
 R   8 G  11  24766   23709.12   1363.203
 R   8 G  12  24848   24224.04   1348.793
 R   8 G  13  25000    25000.0        0.0
 R   8 G  14  25000    25000.0        0.0
 R   8 G  15  25000    25000.0        0.0
 R   8 G  16  25000    25000.0        0.0
 R   8 G  17  25000    25000.0        0.0
 R   8 G  18  25000    25000.0        0.0
 R   8 G  19  25000    25000.0        0.0
 R   8 G  20  25000    25000.0        0.0
 R   8 G  21  25000    25000.0        0.0
 R   8 G  22  25000    25000.0        0.0
 R   8 G  23  25000    25000.0        0.0
 R   8 G  24  25000    25000.0        0.0
 R   8 G  25  25000    25000.0        0.0
 R   8 G  26  25000    25000.0        0.0
 R   8 G  27  25000    25000.0        0.0
 R   8 G  28  25000    25000.0        0.0
 R   8 G  29  25000    25000.0        0.0
 R   8 G  30  25000    25000.0        0.0
 R   8 G  31  25000    25000.0        0.0
 R   8 G  32  25000    25000.0        0.0
 R   8 G  33  25000    25000.0        0.0
 R   8 G  34  25000    25000.0        0.0
 R   8 G  35  25000    25000.0        0.0
 R   8 G  36  25000    25000.0        0.0
 R   8 G  37  25000    25000.0        0.0
 R   8 G  38  25000    25000.0        0.0
 R   8 G  39  25000    25000.0        0.0
 R   8 G  40  25000    25000.0        0.0
 R   8 G  41  24964   24807.76    470.999
 R   8 G  42  25000    25000.0        0.0
 R   8 G  43  25000    25000.0        0.0
 R   8 G  44  25000    25000.0        0.0
 R   8 G  45  25000    25000.0        0.0
 R   8 G  46  25000    25000.0        0.0
 R   8 G  47  25000    25000.0        0.0
 R   8 G  48  25000    25000.0        0.0
 R   8 G  49  24906   24672.12    936.371
8     13          0          1          0          1          0          0          0          1          1          0          0          0          0          0          0          1          1          0          0          0          0          1          1          1          1          0          1          1          0          1          1          1   RawFitness
                  0          1          0          1          0          0          0          1          1          0          0          0          0          0          0          1          1          0          0          0          0          1          1          1          1          0          1          1          0          1          1          1        25000

 R   9 G   0  21938    19413.0   1923.481
 R   9 G   1  21694   19103.12   1699.291
 R   9 G   2  23082   18805.16   2375.257
 R   9 G   3  22976   17707.16     3238.8
 R   9 G   4  22840   18973.96   2067.382
 R   9 G   5  21332   18922.76   1434.238
 R   9 G   6  20624   19015.68   1022.656
 R   9 G   7  20770   18780.76   1365.553
 R   9 G   8  21010    18536.2   1559.534
 R   9 G   9  21628   18753.32     999.57
 R   9 G  10  21546   18364.72   1301.797
 R   9 G  11  20972   18543.04    970.863
 R   9 G  12  21230   18436.76   1051.277
 R   9 G  13  20578    18358.0   1084.125
 R   9 G  14  19962   18157.36    847.057
 R   9 G  15  20244    18370.2   1091.841
 R   9 G  16  19538    17973.8    834.331
 R   9 G  17  19428   18056.12    664.175
 R   9 G  18  18736   17661.48    605.608
 R   9 G  19  20194   17848.44    917.664
 R   9 G  20  19824   17789.32   1005.926
 R   9 G  21  19238   17545.08    926.214
 R   9 G  22  18958   17485.12    706.818
 R   9 G  23  18560   17111.64    458.025
 R   9 G  24  18446   16859.84    508.036
 R   9 G  25  18622   16811.16    761.759
 R   9 G  26  18314   17025.92    645.683
 R   9 G  27  18234   16807.64    889.982
 R   9 G  28  17240   16564.52    722.726
 R   9 G  29  16986   16471.72    452.412
 R   9 G  30  16888   16516.24    353.203
 R   9 G  31  17048   16755.92      282.8
 R   9 G  32  17000    17000.0        0.0
 R   9 G  33  17000    17000.0        0.0
 R   9 G  34  17000    17000.0        0.0
 R   9 G  35  17000    17000.0        0.0
 R   9 G  36  17000    17000.0        0.0
 R   9 G  37  17000    17000.0        0.0
 R   9 G  38  17000    17000.0        0.0
 R   9 G  39  16298   16297.56      3.111
 R   9 G  40  17000    17000.0        0.0
 R   9 G  41  17000    17000.0        0.0
 R   9 G  42  17000    17000.0        0.0
 R   9 G  43  17000    17000.0        0.0
 R   9 G  44  17200   16921.08    261.502
 R   9 G  45  16798   16517.88     64.916
 R   9 G  46  16798   16480.12     62.685
 R   9 G  47  16762    16566.0    204.725
 R   9 G  48  16798   16510.08     81.471
 R   9 G  49  16798    16465.8    117.942
9      2          0          1          1          1          1          1          0          0          0          0          1          1          0          0          0          0          1          1          0          1          1          0          0          0          0          1          1          0          0          0          0          0   RawFitness
                  0          1          1          1          1          1          0          0          0          0          1          1          0          0          0          0          1          1          0          1          1          0          0          0          0          1          1          0          0          0          0          0        23082

 R  10 G   0  22480   20159.44   1232.319
 R  10 G   1  23574   20084.92   1539.024
 R  10 G   2  22288   20056.52     871.47
 R  10 G   3  21376   19684.12    1061.61
 R  10 G   4  21720    19450.8   1216.796
 R  10 G   5  22998   19576.32   1230.933
 R  10 G   6  22900    19644.2   1340.977
 R  10 G   7  22078   19737.12   1249.274
 R  10 G   8  22238   19941.16   1292.045
 R  10 G   9  22238   20067.96   1257.448
 R  10 G  10  23468   20491.08   1365.223
 R  10 G  11  23482   20920.84    1334.91
 R  10 G  12  24004   21181.32   1651.006
 R  10 G  13  24750   23632.72   1153.626
 R  10 G  14  24612   22399.96   1864.358
 R  10 G  15  24818   22752.16   1636.487
 R  10 G  16  25000    25000.0        0.0
 R  10 G  17  25000    25000.0        0.0
 R  10 G  18  25000    25000.0        0.0
 R  10 G  19  25000    25000.0        0.0
 R  10 G  20  25000    25000.0        0.0
 R  10 G  21  25000    25000.0        0.0
 R  10 G  22  25000    25000.0        0.0
 R  10 G  23  25000    25000.0        0.0
 R  10 G  24  25000    25000.0        0.0
 R  10 G  25  25000    25000.0        0.0
 R  10 G  26  25000    25000.0        0.0
 R  10 G  27  25000    25000.0        0.0
 R  10 G  28  25000    25000.0        0.0
 R  10 G  29  25000    25000.0        0.0
 R  10 G  30  25000    25000.0        0.0
 R  10 G  31  25000    25000.0        0.0
 R  10 G  32  25000    25000.0        0.0
 R  10 G  33  25000    25000.0        0.0
 R  10 G  34  25000    25000.0        0.0
 R  10 G  35  25000    25000.0        0.0
 R  10 G  36  25000    25000.0        0.0
 R  10 G  37  25000    25000.0        0.0
 R  10 G  38  25000    25000.0        0.0
 R  10 G  39  25000    25000.0        0.0
 R  10 G  40  25000    25000.0        0.0
 R  10 G  41  25000    25000.0        0.0
 R  10 G  42  25000    25000.0        0.0
 R  10 G  43  25000    25000.0        0.0
 R  10 G  44  25000    25000.0        0.0
 R  10 G  45  25000    25000.0        0.0
 R  10 G  46  25000    25000.0        0.0
 R  10 G  47  25000    25000.0        0.0
 R  10 G  48  25000    25000.0        0.0
 R  10 G  49  25000    25000.0        0.0
10    16          0          0          0          0          1          0          0          1          0          0          0          0          0          0          0          1          0          0          0          0          0          1          1          0          1          0          0          1          1          0          0          1   RawFitness
                  0          0          0          0          1          0          0          1          0          0          0          0          0          0          0          1          0          0          0          0          0          1          1          0          1          0          0          1          1          0          0          1        25000

 R  11 G   0  24418   19328.12   2619.995
 R  11 G   1  24026   18889.36   2383.796
 R  11 G   2  23406    19494.6   2129.084
 R  11 G   3  21978    19666.2   1551.502
 R  11 G   4  21216    19771.8   1521.386
 R  11 G   5  21512   19618.56   1483.049
 R  11 G   6  21788   19836.16   1240.681
 R  11 G   7  21426   20047.52    721.729
 R  11 G   8  21396   19759.84     835.15
 R  11 G   9  21742   20041.88     899.46
 R  11 G  10  22964   21101.48   1249.675
 R  11 G  11  23790   22142.44   1317.387
 R  11 G  12  24228    22937.2   1392.386
 R  11 G  13  24904   24491.12    772.123
 R  11 G  14  24940    24689.8    550.979
 R  11 G  15  25000    25000.0        0.0
 R  11 G  16  25000    25000.0        0.0
 R  11 G  17  25000    25000.0        0.0
 R  11 G  18  25000    25000.0        0.0
 R  11 G  19  25000    25000.0        0.0
 R  11 G  20  25000    25000.0        0.0
 R  11 G  21  25000    25000.0        0.0
 R  11 G  22  25000    25000.0        0.0
 R  11 G  23  25000    25000.0        0.0
 R  11 G  24  25000    25000.0        0.0
 R  11 G  25  25000    25000.0        0.0
 R  11 G  26  25000    25000.0        0.0
 R  11 G  27  25000    25000.0        0.0
 R  11 G  28  25000    25000.0        0.0
 R  11 G  29  25000    25000.0        0.0
 R  11 G  30  24938    24743.0    634.848
 R  11 G  31  24958   24700.36    603.096
 R  11 G  32  24916   24479.72    758.627
 R  11 G  33  24916   24541.44    706.756
 R  11 G  34  24958   24803.76    468.745
 R  11 G  35  25000    25000.0        0.0
 R  11 G  36  25000    25000.0        0.0
 R  11 G  37  25000    25000.0        0.0
 R  11 G  38  25000    25000.0        0.0
 R  11 G  39  25000    25000.0        0.0
 R  11 G  40  25000    25000.0        0.0
 R  11 G  41  25000    25000.0        0.0
 R  11 G  42  25000    25000.0        0.0
 R  11 G  43  25000    25000.0        0.0
 R  11 G  44  25000    25000.0        0.0
 R  11 G  45  25000    25000.0        0.0
 R  11 G  46  25000    25000.0        0.0
 R  11 G  47  25000    25000.0        0.0
 R  11 G  48  25000    25000.0        0.0
 R  11 G  49  25000    25000.0        0.0
11    15          0          0          1          1          0          0          0          1          1          1          0          1          1          1          1          1          0          0          0          1          1          1          0          1          0          1          0          1          0          1          1          1   RawFitness
                  0          0          1          1          0          0          0          1          1          1          0          1          1          1          1          1          0          0          0          1          1          1          0          1          0          1          0          1          0          1          1          1        25000

 R  12 G   0  22928   18906.44   2351.493
 R  12 G   1  22716   18446.92    2587.21
 R  12 G   2  21222   17579.76   2707.422
 R  12 G   3  20722   17033.92   3447.858
 R  12 G   4  20936   16787.04   3628.236
 R  12 G   5  20170    17124.8   2685.214
 R  12 G   6  19770   16854.44   2376.351
 R  12 G   7  20088    16885.6   3260.873
 R  12 G   8  19298   16779.56   3312.404
 R  12 G   9  19740   17127.12   2155.283
 R  12 G  10  20726   17358.28   1953.151
 R  12 G  11  19804    17819.6   1072.282
 R  12 G  12  19958   17875.24    902.598
 R  12 G  13  19598    18176.4    849.015
 R  12 G  14  20150   18267.44    966.772
 R  12 G  15  19472   18067.84    943.978
 R  12 G  16  19894   18015.52   1068.462
 R  12 G  17  20276    17790.6    959.263
 R  12 G  18  19954   17896.96   1046.995
 R  12 G  19  19322   17846.28   1062.729
 R  12 G  20  20016   18073.32   1004.025
 R  12 G  21  20344   18345.12    920.978
 R  12 G  22  20068   18081.32   1177.141
 R  12 G  23  19292   17906.88    743.579
 R  12 G  24  19230   18108.48    557.634
 R  12 G  25  19396   18031.12    695.617
 R  12 G  26  19750   18325.48     821.42
 R  12 G  27  19964   18399.48    524.173
 R  12 G  28  20150    18454.0    769.133
 R  12 G  29  20266   18439.36   1078.488
 R  12 G  30  20440   18577.88    879.253
 R  12 G  31  20002   18645.72    889.994
 R  12 G  32  19720   18756.24    449.737
 R  12 G  33  19684   18666.56    550.145
 R  12 G  34  19980   18778.64    650.317
 R  12 G  35  19724   18287.08    795.248
 R  12 G  36  19474    18022.0   1036.983
 R  12 G  37  19004   17698.48   1025.373
 R  12 G  38  19230   17492.44   1066.554
 R  12 G  39  18976   17332.28   1082.503
 R  12 G  40  17820   17155.32    627.396
 R  12 G  41  17440    17013.8    572.291
 R  12 G  42  17248    16840.0    394.858
 R  12 G  43  17148   16875.32    203.056
 R  12 G  44  17306   16853.64    273.902
 R  12 G  45  17060   17032.56    132.285
 R  12 G  46  17088   17012.08    127.968
 R  12 G  47  17516    16943.0    361.193
 R  12 G  48  17000    17000.0        0.0
 R  12 G  49  17000    17000.0        0.0
12     0          0          0          0          0          1          1          0          0          1          1          0          1          1          1          0          0          1          0          0          0          0          1          0          0          0          1          0          0          0          1          0          0   RawFitness
                  0          0          0          0          1          1          0          0          1          1          0          1          1          1          0          0          1          0          0          0          0          1          0          0          0          1          0          0          0          1          0          0        22928

 R  13 G   0  21772   19671.64   1613.021
 R  13 G   1  21590    19630.8    943.986
 R  13 G   2  22168   20194.68    836.449
 R  13 G   3  22372   20046.28   1106.913
 R  13 G   4  23624   21919.56   1438.043
 R  13 G   5  24006   22969.08   1147.254
 R  13 G   6  24142   23151.76   1107.956
 R  13 G   7  24194   22643.92   1357.749
 R  13 G   8  24458    23100.0   1203.969
 R  13 G   9  24604   23702.28   1279.344
 R  13 G  10  24790   23989.64   1078.072
 R  13 G  11  24812    24258.6   1021.983
 R  13 G  12  24630    24019.8    984.876
 R  13 G  13  24576   23758.56    975.329
 R  13 G  14  24524   23875.84    915.947
 R  13 G  15  24928   24741.36    473.101
 R  13 G  16  25000    25000.0        0.0
 R  13 G  17  25000    25000.0        0.0
 R  13 G  18  25000    25000.0        0.0
 R  13 G  19  25000    25000.0        0.0
 R  13 G  20  25000    25000.0        0.0
 R  13 G  21  25000    25000.0        0.0
 R  13 G  22  25000    25000.0        0.0
 R  13 G  23  25000    25000.0        0.0
 R  13 G  24  25000    25000.0        0.0
 R  13 G  25  25000    25000.0        0.0
 R  13 G  26  25000    25000.0        0.0
 R  13 G  27  25000    25000.0        0.0
 R  13 G  28  25000    25000.0        0.0
 R  13 G  29  25000    25000.0        0.0
 R  13 G  30  25000    25000.0        0.0
 R  13 G  31  25000    25000.0        0.0
 R  13 G  32  25000    25000.0        0.0
 R  13 G  33  25000    25000.0        0.0
 R  13 G  34  25000    25000.0        0.0
 R  13 G  35  24928   24743.76    580.941
 R  13 G  36  24816   24562.12    774.459
 R  13 G  37  24930   24741.16     546.56
 R  13 G  38  25000    25000.0        0.0
 R  13 G  39  25000    25000.0        0.0
 R  13 G  40  25000    25000.0        0.0
 R  13 G  41  25000    25000.0        0.0
 R  13 G  42  25000    25000.0        0.0
 R  13 G  43  25000    25000.0        0.0
 R  13 G  44  25000    25000.0        0.0
 R  13 G  45  25000    25000.0        0.0
 R  13 G  46  25000    25000.0        0.0
 R  13 G  47  25000    25000.0        0.0
 R  13 G  48  25000    25000.0        0.0
 R  13 G  49  25000    25000.0        0.0
13    16          0          0          0          1          0          0          1          1          1          0          1          1          1          0          0          1          0          0          1          0          0          0          1          0          1          1          1          1          0          1          1          1   RawFitness
                  0          0          0          1          0          0          1          1          1          0          1          1          1          0          0          1          0          0          1          0          0          0          1          0          1          1          1          1          0          1          1          1        25000

 R  14 G   0  23200   19851.96    1483.11
 R  14 G   1  22374   19989.04   1102.719
 R  14 G   2  23092    20256.6   1114.866
 R  14 G   3  23770   19863.04   1449.822
 R  14 G   4  22876   19934.28   1377.731
 R  14 G   5  22260   19941.68   1167.965
 R  14 G   6  22054   19567.48   1220.155
 R  14 G   7  22206   19667.08   1275.228
 R  14 G   8  22334    20419.6   1459.441
 R  14 G   9  22548   20210.84   1030.684
 R  14 G  10  21320   19843.16    918.543
 R  14 G  11  21226   19488.92   1030.854
 R  14 G  12  20732   19036.56    959.267
 R  14 G  13  21846   19707.44    1231.37
 R  14 G  14  21216   19467.32    892.789
 R  14 G  15  21404   19622.24    916.662
 R  14 G  16  22600   20112.64    1351.48
 R  14 G  17  23030   20748.28    1621.33
 R  14 G  18  24000    21876.8   1618.668
 R  14 G  19  24820   23776.36    1726.08
 R  14 G  20  24812    23804.6   1554.562
 R  14 G  21  25000    25000.0        0.0
 R  14 G  22  25000    25000.0        0.0
 R  14 G  23  25000    25000.0        0.0
 R  14 G  24  25000    25000.0        0.0
 R  14 G  25  25000    25000.0        0.0
 R  14 G  26  25000    25000.0        0.0
 R  14 G  27  25000    25000.0        0.0
 R  14 G  28  25000    25000.0        0.0
 R  14 G  29  25000    25000.0        0.0
 R  14 G  30  25000    25000.0        0.0
 R  14 G  31  25000    25000.0        0.0
 R  14 G  32  25000    25000.0        0.0
 R  14 G  33  25000    25000.0        0.0
 R  14 G  34  25000    25000.0        0.0
 R  14 G  35  25000    25000.0        0.0
 R  14 G  36  25000    25000.0        0.0
 R  14 G  37  25000    25000.0        0.0
 R  14 G  38  25000    25000.0        0.0
 R  14 G  39  25000    25000.0        0.0
 R  14 G  40  25000    25000.0        0.0
 R  14 G  41  25000    25000.0        0.0
 R  14 G  42  24920    24485.6    835.351
 R  14 G  43  25000    25000.0        0.0
 R  14 G  44  24922   24662.96    690.515
 R  14 G  45  25000    25000.0        0.0
 R  14 G  46  25000    25000.0        0.0
 R  14 G  47  25000    25000.0        0.0
 R  14 G  48  25000    25000.0        0.0
 R  14 G  49  25000    25000.0        0.0
14    21          0          0          1          1          0          1          0          1          1          0          0          1          1          1          1          1          0          0          0          0          1          0          1          1          0          1          0          0          0          1          0          1   RawFitness
                  0          0          1          1          0          1          0          1          1          0          0          1          1          1          1          1          0          0          0          0          1          0          1          1          0          1          0          0          0          1          0          1        25000

 R  15 G   0  22702   19799.08   2104.967
 R  15 G   1  23882   19924.68   1747.966
 R  15 G   2  21248   19436.76   1216.044
 R  15 G   3  22186   19191.28   1128.974
 R  15 G   4  21110   19349.92   1219.685
 R  15 G   5  21540   19305.56    820.145
 R  15 G   6  22242    19907.6   1112.052
 R  15 G   7  23256   20961.16   1399.368
 R  15 G   8  24140   21849.24    1396.26
 R  15 G   9  24036   22105.44   1374.811
 R  15 G  10  23974   22180.32   1191.294
 R  15 G  11  23924   22249.48   1187.989
 R  15 G  12  24870   24310.88    810.026
 R  15 G  13  25000    25000.0        0.0
 R  15 G  14  25000    25000.0        0.0
 R  15 G  15  25000    25000.0        0.0
 R  15 G  16  25000    25000.0        0.0
 R  15 G  17  25000    25000.0        0.0
 R  15 G  18  25000    25000.0        0.0
 R  15 G  19  25000    25000.0        0.0
 R  15 G  20  25000    25000.0        0.0
 R  15 G  21  25000    25000.0        0.0
 R  15 G  22  25000    25000.0        0.0
 R  15 G  23  25000    25000.0        0.0
 R  15 G  24  25000    25000.0        0.0
 R  15 G  25  25000    25000.0        0.0
 R  15 G  26  25000    25000.0        0.0
 R  15 G  27  25000    25000.0        0.0
 R  15 G  28  25000    25000.0        0.0
 R  15 G  29  25000    25000.0        0.0
 R  15 G  30  25000    25000.0        0.0
 R  15 G  31  25000    25000.0        0.0
 R  15 G  32  25000    25000.0        0.0
 R  15 G  33  25000    25000.0        0.0
 R  15 G  34  24936    23809.2   1587.404
 R  15 G  35  24936    24259.2     955.82
 R  15 G  36  25000    25000.0        0.0
 R  15 G  37  25000    25000.0        0.0
 R  15 G  38  25000    25000.0        0.0
 R  15 G  39  25000    25000.0        0.0
 R  15 G  40  25000    25000.0        0.0
 R  15 G  41  25000    25000.0        0.0
 R  15 G  42  25000    25000.0        0.0
 R  15 G  43  25000    25000.0        0.0
 R  15 G  44  25000    25000.0        0.0
 R  15 G  45  25000    25000.0        0.0
 R  15 G  46  25000    25000.0        0.0
 R  15 G  47  25000    25000.0        0.0
 R  15 G  48  25000    25000.0        0.0
 R  15 G  49  25000    25000.0        0.0
15    13          0          1          0          0          1          0          0          1          1          0          1          0          0          1          1          1          1          0          0          1          1          0          0          0          0          0          1          0          0          0          0          1   RawFitness
                  0          1          0          0          1          0          0          1          1          0          1          0          0          1          1          1          1          0          0          1          1          0          0          0          0          0          1          0          0          0          0          1        25000

 R  16 G   0  22546   19784.04    1850.19
 R  16 G   1  22684   19791.28   1803.857
 R  16 G   2  22752   20281.72   1166.494
 R  16 G   3  23926    21482.8   1615.806
 R  16 G   4  23122   21353.92   1248.822
 R  16 G   5  24420    22084.0   1216.417
 R  16 G   6  24676   23672.28   1121.669
 R  16 G   7  24732   24168.32    809.771
 R  16 G   8  24898    23948.2    893.515
 R  16 G   9  24206   22662.28    919.829
 R  16 G  10  24636   23908.88    826.561
 R  16 G  11  24900   24626.28    535.824
 R  16 G  12  25000    25000.0        0.0
 R  16 G  13  25000    25000.0        0.0
 R  16 G  14  25000    25000.0        0.0
 R  16 G  15  25000    25000.0        0.0
 R  16 G  16  25000    25000.0        0.0
 R  16 G  17  25000    25000.0        0.0
 R  16 G  18  25000    25000.0        0.0
 R  16 G  19  25000    25000.0        0.0
 R  16 G  20  25000    25000.0        0.0
 R  16 G  21  25000    25000.0        0.0
 R  16 G  22  25000    25000.0        0.0
 R  16 G  23  25000    25000.0        0.0
 R  16 G  24  25000    25000.0        0.0
 R  16 G  25  25000    25000.0        0.0
 R  16 G  26  25000    25000.0        0.0
 R  16 G  27  25000    25000.0        0.0
 R  16 G  28  25000    25000.0        0.0
 R  16 G  29  25000    25000.0        0.0
 R  16 G  30  25000    25000.0        0.0
 R  16 G  31  25000    25000.0        0.0
 R  16 G  32  25000    25000.0        0.0
 R  16 G  33  25000    25000.0        0.0
 R  16 G  34  25000    25000.0        0.0
 R  16 G  35  25000    25000.0        0.0
 R  16 G  36  25000    25000.0        0.0
 R  16 G  37  25000    25000.0        0.0
 R  16 G  38  25000    25000.0        0.0
 R  16 G  39  25000    25000.0        0.0
 R  16 G  40  25000    25000.0        0.0
 R  16 G  41  25000    25000.0        0.0
 R  16 G  42  25000    25000.0        0.0
 R  16 G  43  25000    25000.0        0.0
 R  16 G  44  25000    25000.0        0.0
 R  16 G  45  25000    25000.0        0.0
 R  16 G  46  25000    25000.0        0.0
 R  16 G  47  25000    25000.0        0.0
 R  16 G  48  25000    25000.0        0.0
 R  16 G  49  25000    25000.0        0.0
16    12          0          0          0          0          1          1          0          1          1          1          0          1          0          1          1          1          1          0          1          0          1          1          0          0          1          1          0          0          1          0          1          1   RawFitness
                  0          0          0          0          1          1          0          1          1          1          0          1          0          1          1          1          1          0          1          0          1          1          0          0          1          1          0          0          1          0          1          1        25000

 R  17 G   0  22702   20069.04   1730.635
 R  17 G   1  23074    21197.2    1126.37
 R  17 G   2  22468    20512.6   1392.768
 R  17 G   3  23040   20880.92   1360.772
 R  17 G   4  23252   21442.36   1080.473
 R  17 G   5  24606   23134.08   1134.893
 R  17 G   6  24764   24158.88    801.645
 R  17 G   7  24694   23532.52   1154.024
 R  17 G   8  24728   24009.36    601.369
 R  17 G   9  24938   24629.56     679.17
 R  17 G  10  25000    25000.0        0.0
 R  17 G  11  25000    25000.0        0.0
 R  17 G  12  25000    25000.0        0.0
 R  17 G  13  25000    25000.0        0.0
 R  17 G  14  25000    25000.0        0.0
 R  17 G  15  25000    25000.0        0.0
 R  17 G  16  25000    25000.0        0.0
 R  17 G  17  25000    25000.0        0.0
 R  17 G  18  25000    25000.0        0.0
 R  17 G  19  25000    25000.0        0.0
 R  17 G  20  25000    25000.0        0.0
 R  17 G  21  25000    25000.0        0.0
 R  17 G  22  25000    25000.0        0.0
 R  17 G  23  24936   24806.72    417.324
 R  17 G  24  24960   24819.56    448.933
 R  17 G  25  25016    24826.8    387.343
 R  17 G  26  25000    25000.0        0.0
 R  17 G  27  25000    25000.0        0.0
 R  17 G  28  25000    25000.0        0.0
 R  17 G  29  25000    25000.0        0.0
 R  17 G  30  25000    25000.0        0.0
 R  17 G  31  25000    25000.0        0.0
 R  17 G  32  25000    25000.0        0.0
 R  17 G  33  25000    25000.0        0.0
 R  17 G  34  25000    25000.0        0.0
 R  17 G  35  25000    25000.0        0.0
 R  17 G  36  25000    25000.0        0.0
 R  17 G  37  25000    25000.0        0.0
 R  17 G  38  25000    25000.0        0.0
 R  17 G  39  25000    25000.0        0.0
 R  17 G  40  25000    25000.0        0.0
 R  17 G  41  25012   24781.48    514.501
 R  17 G  42  25000    25000.0        0.0
 R  17 G  43  25000    25000.0        0.0
 R  17 G  44  25000    25000.0        0.0
 R  17 G  45  25000    25000.0        0.0
 R  17 G  46  25000    25000.0        0.0
 R  17 G  47  25000    25000.0        0.0
 R  17 G  48  25000    25000.0        0.0
 R  17 G  49  25000    25000.0        0.0
17    25          0          0          0          1          1          1          0          1          0          0          0          0          0          0          1          0          1          1          1          0          0          1          1          1          0          1          0          0          0          0          1          1   RawFitness
                  0          0          0          1          1          1          0          1          0          0          0          0          0          0          1          0          1          1          1          0          0          1          1          1          0          1          0          0          0          0          1          1        25016

 R  18 G   0  24148   19623.12   1969.487
 R  18 G   1  21814   19664.12   1830.837
 R  18 G   2  21590   19891.76   1264.525
 R  18 G   3  23004   19972.36   1630.182
 R  18 G   4  22494   20832.12   1279.725
 R  18 G   5  23216   21581.52   1111.819
 R  18 G   6  23450   21731.36   1077.065
 R  18 G   7  23642   21957.92   1181.288
 R  18 G   8  23764   21920.56   1248.488
 R  18 G   9  23788   21882.92   1266.091
 R  18 G  10  24512   23508.52   1067.582
 R  18 G  11  24958    24507.6    698.365
 R  18 G  12  25000    25000.0        0.0
 R  18 G  13  25000    25000.0        0.0
 R  18 G  14  25000    25000.0        0.0
 R  18 G  15  25000    25000.0        0.0
 R  18 G  16  25000    25000.0        0.0
 R  18 G  17  25000    25000.0        0.0
 R  18 G  18  25000    25000.0        0.0
 R  18 G  19  25000    25000.0        0.0
 R  18 G  20  25000    25000.0        0.0
 R  18 G  21  25000    25000.0        0.0
 R  18 G  22  25000    25000.0        0.0
 R  18 G  23  25000    25000.0        0.0
 R  18 G  24  25000    25000.0        0.0
 R  18 G  25  25000    25000.0        0.0
 R  18 G  26  25000    25000.0        0.0
 R  18 G  27  25000    25000.0        0.0
 R  18 G  28  25000    25000.0        0.0
 R  18 G  29  25000    25000.0        0.0
 R  18 G  30  25000    25000.0        0.0
 R  18 G  31  25000    25000.0        0.0
 R  18 G  32  25000    25000.0        0.0
 R  18 G  33  25000    25000.0        0.0
 R  18 G  34  25000    25000.0        0.0
 R  18 G  35  25000    25000.0        0.0
 R  18 G  36  25000    25000.0        0.0
 R  18 G  37  25000    25000.0        0.0
 R  18 G  38  25000    25000.0        0.0
 R  18 G  39  25000    25000.0        0.0
 R  18 G  40  25000    25000.0        0.0
 R  18 G  41  25000    25000.0        0.0
 R  18 G  42  25000    25000.0        0.0
 R  18 G  43  25000    25000.0        0.0
 R  18 G  44  25000    25000.0        0.0
 R  18 G  45  25000    25000.0        0.0
 R  18 G  46  25000    25000.0        0.0
 R  18 G  47  25000    25000.0        0.0
 R  18 G  48  25000    25000.0        0.0
 R  18 G  49  25000    25000.0        0.0
18    12          0          1          1          1          0          0          1          0          1          0          1          1          1          1          0          0          0          1          1          0          1          0          0          0          0          1          1          0          0          0          1          1   RawFitness
                  0          1          1          1          0          0          1          0          1          0          1          1          1          1          0          0          0          1          1          0          1          0          0          0          0          1          1          0          0          0          1          1        25000

 R  19 G   0  21856    19788.6   1527.793
 R  19 G   1  21780   19839.56   1409.472
 R  19 G   2  22076   19926.88   1154.854
 R  19 G   3  21646   20250.88    857.097
 R  19 G   4  22156   20801.96   1122.047
 R  19 G   5  23256   21437.88   1335.035
 R  19 G   6  23872    22274.4   1359.709
 R  19 G   7  24202   22732.92   1197.313
 R  19 G   8  24442   23420.28   1042.009
 R  19 G   9  24544   23867.92    751.039
 R  19 G  10  24636    23848.6   1014.947
 R  19 G  11  24918   24583.88    711.099
 R  19 G  12  24896   24643.96    692.983
 R  19 G  13  25000    25000.0        0.0
 R  19 G  14  25000    25000.0        0.0
 R  19 G  15  25000    25000.0        0.0
 R  19 G  16  25000    25000.0        0.0
 R  19 G  17  25000    25000.0        0.0
 R  19 G  18  25000    25000.0        0.0
 R  19 G  19  25000    25000.0        0.0
 R  19 G  20  25000    25000.0        0.0
 R  19 G  21  25000    25000.0        0.0
 R  19 G  22  25000    25000.0        0.0
 R  19 G  23  25000    25000.0        0.0
 R  19 G  24  25000    25000.0        0.0
 R  19 G  25  25000    25000.0        0.0
 R  19 G  26  25000    25000.0        0.0
 R  19 G  27  25000    25000.0        0.0
 R  19 G  28  25000    25000.0        0.0
 R  19 G  29  25000    25000.0        0.0
 R  19 G  30  25000    25000.0        0.0
 R  19 G  31  25000    25000.0        0.0
 R  19 G  32  25000    25000.0        0.0
 R  19 G  33  25000    25000.0        0.0
 R  19 G  34  24944    24691.4    556.171
 R  19 G  35  25000    25000.0        0.0
 R  19 G  36  25000    25000.0        0.0
 R  19 G  37  25000    25000.0        0.0
 R  19 G  38  25000    25000.0        0.0
 R  19 G  39  25000    25000.0        0.0
 R  19 G  40  25000    25000.0        0.0
 R  19 G  41  25000    25000.0        0.0
 R  19 G  42  25000    25000.0        0.0
 R  19 G  43  25000    25000.0        0.0
 R  19 G  44  25000    25000.0        0.0
 R  19 G  45  25000    25000.0        0.0
 R  19 G  46  25000    25000.0        0.0
 R  19 G  47  25000    25000.0        0.0
 R  19 G  48  25000    25000.0        0.0
 R  19 G  49  25000    25000.0        0.0
19    13          0          0          1          0          1          0          1          1          1          0          1          1          0          1          1          1          0          0          0          0          0          1          0          0          0          0          0          1          0          1          1          1   RawFitness
                  0          0          1          0          1          0          1          1          1          0          1          1          0          1          1          1          0          0          0          0          0          1          0          0          0          0          0          1          0          1          1          1        25000

 R  20 G   0  23630   19679.32   1670.712
 R  20 G   1  22800    20278.2   1735.624
 R  20 G   2  23234    19684.0   2045.725
 R  20 G   3  23950   20780.04   1579.414
 R  20 G   4  23064   20869.12   1471.112
 R  20 G   5  24006   22440.72    1066.73
 R  20 G   6  24702   23365.72   1231.268
 R  20 G   7  24928    24303.4    617.301
 R  20 G   8  25000    25000.0        0.0
 R  20 G   9  25000    25000.0        0.0
 R  20 G  10  25000    25000.0        0.0
 R  20 G  11  25000    25000.0        0.0
 R  20 G  12  25000    25000.0        0.0
 R  20 G  13  25000    25000.0        0.0
 R  20 G  14  25000    25000.0        0.0
 R  20 G  15  25000    25000.0        0.0
 R  20 G  16  25000    25000.0        0.0
 R  20 G  17  25000    25000.0        0.0
 R  20 G  18  25000    25000.0        0.0
 R  20 G  19  25000    25000.0        0.0
 R  20 G  20  25000    25000.0        0.0
 R  20 G  21  25000    25000.0        0.0
 R  20 G  22  25000    25000.0        0.0
 R  20 G  23  25000    25000.0        0.0
 R  20 G  24  25000    25000.0        0.0
 R  20 G  25  25000    25000.0        0.0
 R  20 G  26  25000    25000.0        0.0
 R  20 G  27  25000    25000.0        0.0
 R  20 G  28  25000    25000.0        0.0
 R  20 G  29  25000    25000.0        0.0
 R  20 G  30  25000    25000.0        0.0
 R  20 G  31  25000    25000.0        0.0
 R  20 G  32  25000    25000.0        0.0
 R  20 G  33  25000    25000.0        0.0
 R  20 G  34  25000    25000.0        0.0
 R  20 G  35  25000    25000.0        0.0
 R  20 G  36  25000    25000.0        0.0
 R  20 G  37  25000    25000.0        0.0
 R  20 G  38  25000    25000.0        0.0
 R  20 G  39  25000    25000.0        0.0
 R  20 G  40  25000    25000.0        0.0
 R  20 G  41  25000    25000.0        0.0
 R  20 G  42  25000    25000.0        0.0
 R  20 G  43  25000    25000.0        0.0
 R  20 G  44  25000    25000.0        0.0
 R  20 G  45  25000    25000.0        0.0
 R  20 G  46  25000    25000.0        0.0
 R  20 G  47  25000    25000.0        0.0
 R  20 G  48  25000    25000.0        0.0
 R  20 G  49  25000    25000.0        0.0
20     8          1          0          1          0          1          1          0          1          1          0          0          0          0          1          1          1          0          1          0          0          0          1          0          1          0          1          1          0          1          1          1          1   RawFitness
                  1          0          1          0          1          1          0          1          1          0          0          0          0          1          1          1          0          1          0          0          0          1          0          1          0          1          1          0          1          1          1          1        25000

B                 0          0          0          1          1          0          0          0          0          0          0          1          0          0          0          0          0          0          1          1          0          0          0          0          0          0          1          0          0          0          0          0   RawFitness
                  0          0          0          1          1          0          0          0          0          0          0          1          0          0          0          0          0          0          1          1          0          0          0          0          0          0          1          0          0          0          0          0        25338

Gen                 AvgFit              BestFit 
0              19651.41            23018.4             
1              19594.44            22801.5             
2              19470.4             22343.0             
3              19457.29            22328.2             
4              19566.5             22247.8             
5              19973.09            22423.3             
6              20328.44            22343.2             
7              20539.6             22343.4             
8              20983.85            22769.6             
9              21125.63            22964.3             
10             21459.29            23143.3             
11             21927.06            23298.3             
12             22201.36            23393.8             
13             22547.78            23500.0             
14             22576.2             23571.1             
15             22672.93            23575.6             
16             23028.55            23720.6             
17             23121.89            23788.4             
18             23358.87            23789.8             
19             23491.71            23872.0             
20             23486.11            23916.7             
21             23538.68            23861.2             
22             23560.49            23847.8             
23             23534.67            23852.5             
24             23515.63            23814.2             
25             23503.95            23831.9             
26             23536.46            23807.4             
27             23539.47            23819.2             
28             23448.25            23728.7             
29             23478.64            23719.0             
30             23457.22            23695.8             
31             23482.38            23669.4             
32             23506.46            23670.6             
33             23508.81            23656.6             
34             23413.91            23651.5             
35             23403.02            23642.3             
36             23475.52            23637.4             
37             23499.39            23645.7             
38             23471.79            23605.2             
39             23428.83            23564.7             
40             23437.14            23521.8             
41             23473.38            23583.3             
42             23505.11            23605.4             
43             23472.0             23550.7             
44             23536.38            23689.0             
45             23325.61            23530.7             
46             23509.12            23677.7             
47             23684.07            23814.8             
48             23751.19            23795.1             
49             23745.33            23794.9             

